0,439
50,0
73,0
72,0
9,0
16,0
41,0
11,0
40,0
67,0
13,0
128,0
71,0
93,0
37,0
8,0
85,0
96,0
84,0
82,0
34,0
109,1
72,1
57,1
40,1
128,6
128,5
128,4
128,3
109,18
109,17
109,4
109,3
109,2
109,0
96,4
96,3
93,7
93,6
93,5
93,4
93,3
85,3
84,6
84,5
84,4
84,3
82,9
82,7
82,6
82,5
82,4
82,3
73,5
73,4
73,3
73,1
72,3
71,6
71,5
71,4
71,3
71,1
67,3
57,11
57,10
57,9
57,7
57,6
57,5
57,4
57,3
57,2
57,0
50,4
50,3
41,8
41,7
41,6
41,5
41,4
41,3
40,4
40,3
39,12
39,10
39,9
39,8
39,7
39,6
39,5
39,4
39,3
39,2
39,1
39,0
37,5
37,4
37,3
34,3
16,3
13,4
13,3
12,20
12,19
12,18
12,17
12,13
12,12
12,11
12,10
12,9
12,8
12,7
12,6
12,5
12,4
12,3
12,2
12,1
12,0
11,4
11,3
9,4
9,3
8,3
2,14
2,13
2,12
2,11
2,6
2,5
1,3
0,410
0,324
0,243
0,0
0,1
0,350
0,300
0,321
0,299
0,378
0,298
0,361
0,297
0,390
0,296
0,459
0,295
0,403
0,294
0,320
0,293
0,409
0,292
0,430
0,291
0,415
0,290
0,397
0,289
0,387
0,288
0,318
0,287
0,454
0,286
0,383
0,285
0,377
0,284
0,488
0,283
0,349
0,282
0,363
0,281
0,414
0,280
0,360
0,279
0,399
0,278
0,374
0,277
0,348
0,276
0,435
0,275
0,317
0,274
0,427
0,273
0,315
0,272
0,425
0,271
0,401
0,270
43,0
43,1
43,3
43,4
45,0
45,2
45,3
46,0
46,1
46,3
47,0
47,2
48,0
48,1
48,3
48,4
48,6
49,1
49,2
49,4
50,1
53,0
53,1
53,3
54,0
54,1
54,3
54,4
59,0
59,2
59,3
59,5
59,6
59,8
59,9
60,0
60,2
60,3
61,1
61,2
63,0
63,2
63,3
63,5
63,6
65,1
65,3
65,4
65,6
66,0
66,2
66,3
66,5
67,2
69,0
69,2
69,3
70,0
70,2
70,3
70,5
71,2
73,2
74,0
74,2
74,4
74,5
75,1
75,2
76,0
76,2
76,3
77,0
77,1
77,3
78,0
78,2
78,4
79,0
79,2
79,3
79,5
79,7
79,8
80,0
80,1
80,3
81,0
81,1
81,3
82,1
82,8
84,1
85,1
85,4
89,0
89,2
89,3
92,0
92,2
92,3
93,1
93,2
96,2
100,0
100,2
100,4
101,0
101,2
101,3
101,5
102,1
102,2
102,4
102,5
103,0
103,1
103,3
103,5
103,6
104,1
104,2
104,4
105,1
105,2
105,4
106,0
106,2
106,3
107,0
107,2
107,3
107,5
107,6
109,6
109,9
109,10
109,12
109,13
109,15
109,19
109,20
113,1
113,2
113,4
114,0
114,2
114,4
115,0
115,2
115,3
116,0
116,2
116,3
116,5
116,6
117,1
117,2
117,4
120,0
120,1
120,3
120,4
121,1
121,3
122,0
122,2
122,3
123,0
123,1
123,3
123,5
124,0
124,2
124,3
124,5
125,1
125,2
125,4
125,5
125,7
126,1
126,2
128,1
128,2
130,1
130,2
130,4
130,6
131,0
131,2
131,3
132,1
132,3
132,4
133,1
133,2
133,4
133,5
133,6
133,3
133,0
132,2
132,0
131,1
130,5
130,3
130,0
126,3
126,0
125,6
125,3
125,0
124,4
124,1
123,4
123,2
122,5
122,1
121,2
121,0
120,2
117,5
117,3
117,0
116,4
116,1
115,4
115,1
114,3
114,1
113,3
113,0
109,16
109,14
109,11
109,7
107,7
107,4
107,1
106,4
106,1
105,3
105,0
104,3
104,0
103,4
103,2
102,6
102,3
102,0
101,4
101,1
100,3
100,1
96,1
92,4
92,1
89,4
89,1
85,2
84,2
82,2
81,2
80,4
80,2
79,9
79,6
79,4
79,1
78,3
78,1
77,2
76,4
76,1
75,3
75,0
74,3
74,1
72,2
70,4
70,1
69,4
69,1
67,1
66,4
66,1
65,5
65,2
65,0
63,4
63,1
61,3
61,0
60,1
59,10
59,7
59,4
59,1
54,5
54,2
53,4
53,2
50,2
49,3
49,0
48,5
48,2
47,3
47,1
46,2
45,4
45,1
43,5
43,2
41,2
41,1
40,2
38,7
38,6
38,5
38,4
38,3
38,2
38,1
38,0
37,2
37,1
34,2
34,1
31,4
31,3
31,2
31,1
31,0
30,4
30,3
30,2
30,1
30,0
16,2
16,1
14,4
14,3
14,2
14,1
14,0
13,2
13,1
11,2
11,1
9,2
9,1
8,5
8,4
8,2
8,1
5,3
5,2
5,1
5,0
4,3
2,10
2,9
2,8
2,7
2,4
2,3
2,2
2,1
2,0
0,436
0,432
0,9
0,314
0,269
0,372
0,268
0,408
0,267
0,313
0,266
0,358
0,265
0,367
0,264
0,424
0,263
0,366
0,262
0,407
0,261
0,413
0,260
0,404
0,259
0,339
0,258
0,381
0,257
0,346
0,256
0,434
0,255
0,312
0,254
0,357
0,253
0,337
0,252
0,310
0,251
0,386
0,250
0,362
0,249
0,309
0,248
0,356
0,247
0,442
0,246
0,307
0,245
0,345
0,244
0,341
0,242
0,336
0,241
0,422
0,240
0,334
0,239
0,511
0,238
0,343
0,237
0,396
0,236
0,379
0,235
0,373
0,234
0,355
0,233
0,456
0,232
0,342
0,231
0,344
0,230
0,333
0,229
0,352
0,228
0,371
0,227
0,466
0,226
0,421
0,225
0,389
0,224
0,402
0,223
0,380
0,222
0,221
0,406
0,220
0,412
0,219
0,440
0,218
0,502
0,217
0,351
0,216
0,330
0,215
0,450
0,214
0,370
0,213
0,329
0,212
0,376
0,211
0,419
0,210
0,411
0,209
0,441
0,208
0,207
0,328
0,206
0,437
0,205
0,382
0,204
0,400
0,203
0,475
0,202
0,369
0,201
0,398
0,200
0,393
0,199
0,394
0,198
0,388
0,197
0,385
0,196
0,340
0,195
0,417
0,194
0,392
0,193
0,418
0,192
0,327
0,63
0,433
0,62
0,429
0,61
0,368
0,60
0,375
0,59
0,423
0,58
0,420
0,57
0,505
0,56
0,391
0,55
0,326
0,54
0,325
0,53
0,416
0,52
0,428
0,51
0,485
0,50
0,365
0,49
0,395
0,48
0,426
0,47
0,405
0,46
0,323
0,45
0,384
0,6
0,5
0,304
0,303
0,306
0,305
0,302
0,12
0,431
0,10
0,8
0,438
0,11
0,4
0,2
0,3
0,7
